0	5E-10	5E-10	4E-9
1	5.2448962473E-10	5.2497247035E-10	4.1999859878E-9
2	5.5016795193E-10	5.5118260791E-10	4.409975097E-9
3	5.7709567973E-10	5.7870426892E-10	4.6304663138E-9
4	6.0534146627E-10	6.076083503E-10	4.8619832012E-9
5	6.3496836349E-10	6.3796380185E-10	5.10507527E-9
6	6.6605753354E-10	6.698393748E-10	5.3603206269E-9
7	6.9867324353E-10	7.0331232917E-10	5.6283266972E-9
8	7.3289330626E-10	7.3846201086E-10	5.9097313577E-9
9	7.6879647522E-10	7.7537189592E-10	6.2052042585E-9
10	8.0646463527E-10	8.1412812359E-10	6.5154485884E-9
11	8.4598149697E-10	8.5482624099E-10	6.8412026184E-9
12	8.8743792418E-10	8.9755999148E-10	7.1832415435E-9
13	9.3093074687E-10	9.4243124199E-10	7.5423792583E-9
14	9.7655576175E-10	9.8954653748E-10	7.919470337E-9
15	1.0244202867E-9	1.0390193711E-9	8.3154120275E-9
16	1.0746306682E-9	1.0909638456E-9	8.7311464069E-9
17	1.1273043984E-9	1.145507226E-9	9.1676625994E-9
18	1.1825591419E-9	1.2027778673E-9	9.6259991369E-9
19	1.2405260344E-9	1.2629119048E-9	1.0107246414E-8
20	1.3013346381E-9	1.326053988E-9	1.0612549281E-8
